20
249718282 93729
1 5 6 999917908
78 51
3 5 5 51230
82 81
58 56 739 82
840698758 13331
8 7 10 999955808
164 96
76 2 193 164
1000000000 100000
100000 1 0 1000000000
1000000000 1
12 7 74 12
1000000000 100000
999999999 1 999999999 1000000000
59 26
14 19 681 59
198 81
8 5 7 83495
693840425 90561
2 6 7 999957328
177 73
7 7 5 56401
232959116 56689
4 9 1 999903057
1000000000 100000
1 1 0 2
98 59
6 30 524 98
714311129 39521
9 5 9 999998192
137 49
48 17 461 137
46 18
7 11 9 46
497151700 96511
9 7 6 999919625
22 21
1 4 869 22
